image: map0.pgm
resolution: 0.062500
origin: [-79.62575277388338,-45.61364180796565, 0.000000]
negate: 0
occupied_thresh: 0.45
free_thresh: 0.196